1.1
1.202
1.206
1.215
1.219
1.223
1.245
1.254
1.285
1.292
1.304
1.318
1.326
1.331
1.334
1.345
1.352
1.357
1.364
1.366
1.413
1.428
1.432
1.442
1.446
1.450
1.457
1.467
1.469
1.475
1.477
1.484
1.488
1.503
1.511
1.517
1.528
1.531
1.536
1.540
1.544
1.551
1.560
1.568
1.571
1.584
1.595
1.601
2.1
2.8
2.16
2.35
2.76
2.79
2.84
2.87
2.110
2.142
2.147
2.157
2.166
2.182
2.188
2.198
2.207
2.225
2.235
2.243
2.265
2.272
2.278
2.284
2.299
2.333
2.336
2.360
2.362
2.369
3.394
2.402
2.412
2.419
2.421
2.441
2.444
2.455
2.459
2.469
2.474
2.480
2.484
2.494
2.511
2.517
2.527
2.536
2.546
2.557
2.559
2.569
2.581
2.591
2.603
2.631
2.638
2.653
2.671
2.676
2.681
2.695
2.695
2.711
2.716
2.726
2.729
2.734
2.738
2.748
2.756
2.760
2.763
2.768
2.780
2.786
2.796
2.807
2.811
2.816
2.819
2.824
2.828
2.835
2.840
2.844
2.846
2.848
2.851
2.856
2.862
2.864
2.867
2.876
3.1
3.8
3.10
3.15
3.21
3.30
3.33
3.38
3.58
3.76
3.81
3.84
3.96
3.111
3.121
3.139
3.146
3.154
3.161
3.171
3.181
3.199
3.203
3.225
3.228
3.243
3.259
3.267
3.271
3.275
3.292
3.298
3.302
3.305
3.314
3.319
3.324
3.328
3.346
3.351
3.355
3.365
3.369
3.377
3.379
3.396
3.399
3.413
3.418
3.437
3.447
3.455
3.461
3.462
4.1
4.5
4.13
4.20
4.25
4.30
4.40
4.50
4.68
4.73
4.75
4.82
4.85
4.104
4.124
4.141
4.151
4.153
4.160
4.166
4.183
4.188
4.192
4.198
4.208
4.213
4.217
4.220
4.223
4.234
4.242
4.250
4.257
4.265
4.272
4.275
4.292
4.297
4.310
4.313
4.317
4.326
4.336
4.349
4.356
4.358
4.364
4.370
4.376
4.399
4.401
4.403
4.411
4.419
4.422
4.439
4.446
4.452
4.457
4.463
4.470
4.473
4.494
4.514
-
-
-
-
-
5.35
5.43
5.65
5.69
5.72
5.76
5.79
5.84
5.95
5.106
5.109
5.111
5.166
5.179
5.197
5.204
5.217
5.226
5.229
5.239
5.251
5.274
5.277
5.280
5.286
5.290
5.297
5.311
5.318
5.319
5.334
5.347
5.352
5.359
5.363
5.368
5.373
5.375
5.381
5.392
5.395
5.416
5.421
5.426
5.431
5.440
5.443
5.446
5.455
5.460
5.465
5.471
5.476
5.493
5.499
5.519
5.528
5.533
5.541
5.550
5.561
5.565
5.568
5.573
5.576
5.590
5.597
5.601
5.607
5.615
5.627
5.633
5.647
5.655
5.663
5.673
5.677
5.684
5.689
5.696
5.699
5.703
5.711
5.714
5.719
5.757
5.762
5.764
5.767
5.780
5.787
5.792
5.800
5.814
5.826
5.835
5.842
5.846
5.850
5.855
5.864
5.872
5.888
5.899
5.902
5.907
6.1
6.5
6.9
6.20
6.46
6.51
6.55
6.61
6.67
6.67
6.102
-
-
-
-
6.166
6.212
6.232
6.237
6.242
6.254
2.263
6.286
6.311
6.318
6.325
6.332
6.342
6.359
6.369
6.376
6.381
6.390
6.392
6.407
6.440
6.466
6.476
6.482
6.486
6.494
6.503
6.506
6.512
6.517
6.520
7.1
7.4
7.17
7.24
7.33
7.37
7.37
7.47
7.54
7.67
7.92
7.96
7.103
7.120
7.124
7.161
7.171
7.175
7.181
7.191
7.200
7.202
7.206
7.233
7.244
7.258
7.279
7.283
7.287
7.303
7.311
7.313
7.327
7.344
-
-
-
-
-
7.398
7.403
7.406
7.412
7.419
7.421
7.430
7.433
-
-
-
-
8.1
8.5
8.28
8.31
8.38
8.41
8.60
8.66
8.93
8.97
8.102
8.112
8.125
8.130
8.145
8.151
8.157
8.167
8.173
8.184
8.198
8.201
8.208
8.212
8.228
8.236
8.245
8.261
8.273
8.278
8.281
8.292
8.300
8.309
8.338
8.343
8.352
8.357
8.374
8.381
8.397
8.409
8.425
8.427
8.432
8.438
8.447
8.457
8.462
8.469
8.484
8.489
8.497
8.523
8.542
8.555
