8.1
8.2
8.4
8.7
8.8
8.10
8.11
8.12
8.13
8.14
8.15
8.16
8.18
8.20
8.22
8.24
8.25
8.27
8.30
8.31
8.33
8.34
8.35
8.36
8.39
8.40
8.41
8.43
8.46
8.47
8.48
8.56
8.62
8.63
8.66
8.68
8.69
8.70
8.72
8.73
8.75
8.76
8.77
8.78
8.80
8.81
8.82
8.83
8.87
8.9
8.91
8.92
8.93
8.94
8.97
8.101
8.103
8.104
8.105
8.107
8.108
8.111
8.112
8.114
8.116
8.117
8.120
8.122
8.124
8.126
8.130
8.133
8.134
8.135
8.137
8.139
8.140
8.141
8.142
8.143
8.144
8.146
8.148
8.150
8.152
8.153
8.154
8.157
8.159
8.163
8.164
8.166
8.167
8.169
8.171
8.175
8.176
8.178
8.182
8.185
8.186
8.187
8.188
8.189
8.190
8.192
8.193
8.194
8.195
8.196
8.197
8.199
8.201
8.202
8.203
8.206
8.207
8.208
8.209
8.210
8.213
8.217
8.218
8.221
8.227
8.228
8.229
8.230
8.233
8.235
8.239
8.240
8.242
8.243
8.245
8.247
8.248
8.249
8.250
8.251
8.253
8.254
8.257
8.261
8.262
8.263
8.264
8.265
8.266
8.268
8.269
8.274
8.275
8.276
8.279
8.281
8.282
8.283
8.284
8.291
8.293
8.296
8.299
8.306
8.307
8.308
8.311
8.312
8.313
8.325
8.331
8.335
8.336
8.338
8.339
8.340
8.345
8.346
8.347
8.348
8.349
8.350
8.351
8.352
8.353
8.355
8.356
8.358
8.359
8.360
8.362
8.364
8.367
8.368
8.370
8.373
8.374
8.377
8.378
8.393
8.399
8.400
8.406
8.407
8.408
8.411
8.413
8.415
8.420
8.423
8.424
8.425
8.426
8.428
8.429
8.433
8.435
8.439
8.440
8.444
8.446
8.448
8.449
8.462
8.470
8.471
8.472
8.473
8.474
8.475
8.476
8.477
8.478
8.479
8.484
8.485
8.486
8.487
8.488
8.490
8.493
8.494
8.497
8.498
8.499
8.5
8.503
8.504
8.507
8.509
8.51
8.510
8.511
8.513
8.519
8.520
8.523
8.524
8.526
8.527
8.532
8.533
8.534
8.537
8.538
8.539
8.542
8.555
8.560
8.562
8.563
