8.1
8.3
8.4
8.7
8.8
8.10
8.11
8.12
8.13
8.16
8.18
8.19
8.22
8.23
8.25
8.26
8.27
8.28
8.29
8.32
8.33
8.34
8.35
8.40
8.41
8.42
8.43
8.45
8.46
8.47
8.48
8.50
8.53
8.54
8.55
8.56
8.57
8.58
8.60
8.62
8.65
8.66
8.68
8.69
8.70
8.73
8.74
8.77
8.81
8.84
8.85
8.87
8.89
8.93
8.94
8.95
8.97
8.99
8.103
8.104
8.106
8.107
8.108
8.109
8.111
8.114
8.116
8.118
8.124
8.125
8.128
8.130
8.131
8.133
8.135
8.137
8.139
8.143
8.149
8.150
8.152
8.157
8.161
8.163
8.164
8.165
8.166
8.168
8.170
8.171
8.178
8.185
8.186
8.188
8.189
8.190
8.191
8.192
8.193
8.195
8.199
8.203
8.206
8.207
8.209
8.213
8.217
8.221
8.223
8.229
8.230
8.231
8.233
8.234
8.235
8.239
8.240
8.245
8.246
8.247
8.249
8.250
8.251
8.257
8.260
8.261
8.266
8.269
8.270
8.276
8.283
8.284
8.290
8.293
8.296
8.299
8.301
8.304
8.306
8.307
8.308
8.311
8.312
8.313
8.316
8.317
8.321
8.322
8.325
8.328
8.331
8.337
8.338
8.339
8.340
8.346
8.347
8.349
8.352
8.353
8.355
8.361
8.367
8.368
8.369
8.371
8.372
8.373
8.376
8.377
8.378
8.379
8.385
8.386
8.387
8.389
8.39
8.390
8.391
8.393
8.399
8.401
8.402
8.405
8.406
8.408
8.409
8.411
8.415
8.420
8.423
8.424
8.428
8.429
8.434
8.435
8.439
8.441
8.444
8.448
8.449
8.450
8.451
8.454
8.455
8.459
8.460
8.463
8.464
8.465
8.470
8.471
8.474
8.475
8.476
8.478
8.479
8.480
8.485
8.488
8.491
8.493
8.496
8.499
8.501
8.503
8.505
8.506
8.507
8.510
8.512
8.513
8.515
8.517
8.519
8.520
8.521
8.524
8.525
8.526
8.527
8.528
8.529
8.530
8.532
8.533
8.534
8.535
8.536
8.537
8.538
8.539
8.542
8.545
8.553
8.555
8.557
8.558
8.560
8.562
8.563
