1.1
1.33
1.43
1.50
1.53
1.57
1.59
1.68
1.74
1.84
1.93
1.101
1.106
1.121
1.130
1.148
1.172
1.188
1.193
1.202
1.206
1.215
1.223
1.245
1.254
1.285
1.292
1.304
1.318
1.326
1.331
1.334
1.345
1.352
1.355
1.357
1.362
1.364
1.366
1.428
1.432
1.442
1.446
1.450
1.457
1.464
1.477
1.484
1.488
1.503
1.511
1.536
1.544
1.551
1.560
-
-
-
-
-
2.16
2.35
2.84
2.110
2.142
2.147
2.157
2.166
-
-
2.207
2.235
2.243
2.265
2.272
2.278
2.333
2.337
2.344
2.394
2.412
2.419
2.421
2.441
2.455
2.459
2.469
2.480
2.484
2.494
2.511
2.517
2.631
2.716
2.729
2.734
2.738
2.756
2.780
2.807
2.848
2.856
3.1
3.1
3.21
3.30
3.33
3.38
3.58
3.76
3.81
3.84
3.96
3.111
3.121
3.139
3.146
3.154
3.161
3.171
3.181
3.199
3.228
3.243
3.259
3.264
3.271
3.292
3.302
3.305
3.314
3.324
3.340
3.350
3.365
3.369
3.396
3.414
3.418
3.437
3.447
3.462
4.1
4.13
4.20
4.25
4.30
4.40
4.50
4.68
4.73
4.82
4.85
4.104
4.107
4.124
4.141
4.160
4.166
4.183
4.188
4.198
4.208
4.217
4.231
4.250
4.257
4.265
4.272
4.275
4.285
4.292
4.310
4.313
4.317
4.326
4.338
4.348
4.349
4.356
4.364
4.370
4.4.374
4.389
4.401
4.411
4.422
4.436
4.446
4.452
4.457
4.463
4.470
4.501
4.514
4.527
4.535
5.1
5.9
5.14
5.35
5.43
5.62
5.72
5.79
5.84
5.95
5.106
5.111
5.121
5.133
5.156
5.161
5.166
5.179
5.197
5.204
5.217
5.221
5.228
5.229
5.239.
5.251.
5.274
5.286
5.352
5.354
5.359
5.363
5.368
5.373
5.381
5.392
5.416
5.421
5.426
5.428
5.431
5.440
5.443
5.455
5.460
5.465
5.471
5.493
5.499
5.519
5.528
5.533
5.541
5.561
5.565
5.568
5.573
5.576
5.590
5.601
5.607
5.615
5.627
5.647
5.655
5.663
5.678
5.684
5.689
5.699
5.703
5.711
5.719
5.757
5.762
5.767
5.773
5.780
5.787
5.792
5.800
5.814
5.826
5.835
5.842
5.846
5.850
5.864
5.872
5.888
5.899
5.902
6.1
6.5
6.9
6.20
6.46
6.51
6.55
6.61
6.67
6.72
6.77
6.102
6.116
6.123
6.144
6.152
6.166
6.171
6.212
6.232
6.237
6.242
6.263
6.286
6.311
6.325
6.332
6.342
6.359
6.369
6.376
6.381
6.390
6.407
6.429
6.440
6.466
6.482
6.494
6.506
6.517
6.520
7.1
7.4
7.17
7.24
7.34
7.37
7.43
7.54
7.67
7.92
7.96
7.103
7.120
7.124
7.148
7.161
7.171
7.175
7.181
7.191
7.200
7.202
7.206
7.233
7.258
7.279
7.283
7.287
7.303
7.311
7.313
7.323
7.327
7.344
7.354
7.357
7.365
7.379
7.385
7.398
7.403
7.412
7.421
7.430
7.433
7.442
7.446
7.454
7.464
8.1
8.5
8.28
8.31
8.38
8.41
8.60
8.66
8.71
8.97
8.102
8.112
8.125
8.130
8.145
8.151
8.157
8.167
8.173
8.184
8.201
8.212
8.228
8.236
8.245
8.261
8.273
8.278
8.281
8.292
8.300
8.309
8.338
8.343
8.352
8.357
8.374
8.381
8.397
8.409
8.427
8.432
8.438
8.447
8.457
8.462
8.469
8.484
8.489
8.497
8.523
8.542
8.555
