17.112
17.115
17.125
17.126
17.15
17.151
17.153
17.159
17.163
17.173
17.178
17.197
17.2
17.201
17.211
17.219
17.237
17.24
17.240
17.242
17.250
17.260
17.261
17.29
17.30
17.31
17.32
17.35
17.38
17.4
17.48
17.51
17.582
17.588
17.594
17.595
17.597
17.599
17.602
17.608
17.639
17.644
17.649
17.651
17.658
17.667
17.681
17.70
17.700
17.702
17.705
17.719
17.728
17.8
17.92
18.10
18.103
18.117
18.125
18.130
18.136
18.148
18.155
18.160
18.161
18.174
18.186
18.191
18.197
18.222
18.23
18.230
18.236
18.239
18.247
18.265
18.272
18.274
18.283
18.287
18.291
18.319
18.332
18.34
18.351
18.352
18.356
18.373
18.376
18.39
18.392
18.40
18.41
18.413
18.416
18.42
18.43
18.438
18.44
18.444
18.445
18.446
18.447
18.448
18.449
18.45
18.450
18.451
18.452
18.453
18.454
18.455
18.456
18.46
18.460
18.461
18.47
18.470
18.48
18.49
18.492
18.495
18.496
18.502
18.512
18.519
18.540
18.550
18.560
18.57
18.570
18.583
18.584
18.589
18.590
18.595
18.596
18.597
18.598
18.60
18.604
18.7
18.77
18.90
18.93
19.10
19.100
19.114
19.115
19.118
19.119
19.120
19.14
19.15
19.25
19.26
19.327
19.34
19.347
19.361
19.365
19.366
19.367
19.368
19.380
19.384
19.387
19.388
19.389
19.390
19.391
19.392
19.400
19.407
19.41
19.416
19.417
19.418
19.42
19.45
19.49
19.51
19.62
19.65
19.67
19.68
19.71
19.75
19.77
19.8
19.80
19.85
19.93
19.94
19.97
