17.115
17.125
17.126
17.151
17.153
17.163
17.193
17.211
17.240
17.242
17.260
17.35
17.38
17.51
17.582
17.594
17.595
17.597
17.599
17.602
17.608
17.620
17.621
17.644
17.658
17.667 
17.688
17.7
17.702
17.719
17.73
17.86
17.9
17.92
18.1
18.103
18.117
18.125
18.130
18.136
18.160
18.174
18.175
18.176
18.177
18.186
18.23
18.236
18.266
18.287
18.298
18.332
18.356
18.373
18.376
18.378
18.392
18.413
18.416
18.420
18.421
18.438
18.461
18.470
18.483
18.492
18.495
18.496
18.500
18.501
18.502
18.506
18.519
18.531
18.540
18.560
18.584
18.589
18.60
18.603
18.604
18.605
18.7
18.90
18.93
19.10
19.100
19.105
19.115
19.119
19.120
19.14
19.15
19.342
19.361
19.380
19.392
19.402
19.51
19.67
19.68
19.71
19.77
19.8
19.80
19.97
